6592.83 -0.61225 -6.76663e-05 0.284692 0.707101 2.10996e-05 -0.707113 6.41396e-05 0.025 0 0 0 0 0.330536 0.0108859 -0.00237685 0.330536 0.0108859 -0.00237685 0 0 0 0 0 0 0.00525963 0.30561 -0.00171131 0.00525963 0.30561 -0.00171131 0 0 0
6592.84 -0.47225 -5.07897e-05 0.284694 0.707101 2.10996e-05 -0.707113 6.41396e-05 0.025 0 0 0 0 0.330536 0.0108859 -0.00237685 0.330536 0.0108859 -0.00237685 -4.38711e-06 -1.08396e-05 -1.47151e-05 0 0 0 0.00526488 0.305607 -0.00170463 0.00525963 0.30561 -0.00171131 4.02152e-06 -1.96506e-06 5.1183e-06
6592.85 -0.47225 -5.07897e-05 0.284694 0.707101 2.10996e-05 -0.707113 6.41396e-05 0.0250006 0 0 0 0 0.330535 0.0108858 -0.00237698 0.330535 0.0108858 -0.00237698 -1.21086e-05 -1.85337e-05 -2.5069e-05 -2.30172e-06 -5.68705e-06 -7.72035e-06 0.00525999 0.305574 -0.00167572 0.00525967 0.30561 -0.00171127 3.66584e-06 -2.90767e-05 3.1599e-05
6592.86 -0.472248 -5.02536e-05 0.284674 0.707084 2.08176e-05 -0.707129 6.34123e-05 0.0250017 0 0 0 0 0.330535 0.0108857 -0.00237719 0.330535 0.0108857 -0.00237719 -1.17378e-05 -2.30509e-05 -2.5527e-05 -8.36473e-06 -1.46948e-05 -1.99008e-05 0.00524855 0.305588 -0.00167376 0.0052597 0.30561 -0.001711 -5.43405e-06 -4.12359e-05 5.54075e-05
6592.87 -0.472246 -4.90398e-05 0.284621 0.707043 2.02063e-05 -0.707171 6.17669e-05 0.0250025 0 0 0 0 0.330535 0.0108855 -0.0023774 0.330535 0.0108855 -0.0023774 -8.60581e-06 -0.000127235 -4.88769e-05 -1.2552e-05 -2.26706e-05 -2.77094e-05 0.00525188 0.30548 -0.00172859 0.00525965 0.305609 -0.00171054 -1.05729e-05 -0.000134293 3.32419e-05
6592.88 -0.472243 -4.80226e-05 0.284569 0.707002 1.97451e-05 -0.707212 6.03903e-05 0.025006 0 0 0 0 0.330535 0.0108844 -0.00237781 0.330535 0.0108844 -0.00237781 -6.07215e-06 -0.000207428 -6.52532e-05 -1.21512e-05 -8.07111e-05 -4.19286e-05 0.00526392 0.305473 -0.00172955 0.00525956 0.305608 -0.00171026 -5.641e-06 -0.00021763 1.34628e-05
6592.89 -0.47224 -4.72211e-05 0.284517 0.70696 1.94508e-05 -0.707253 5.93087e-05 0.0250117 0 0 0 0 0.330535 0.0108827 -0.00237835 0.330535 0.0108827 -0.00237835 -1.2289e-05 -0.000292381 -9.55239e-05 -8.80201e-06 -0.000170337 -5.98357e-05 0.0052669 0.305447 -0.00170994 0.00525952 0.305606 -0.00171015 8.70971e-07 -0.000306912 1.16043e-05
6592.9 -0.472237 -4.41812e-05 0.284465 0.706919 2.91745e-06 -0.707295 5.25642e-05 0.0250184 0 0 0 0 0.330535 0.0108803 -0.00237915 0.330535 0.0108803 -0.00237915 -1.27406e-05 -0.000348547 -0.000110857 -9.296e-06 -0.000270104 -8.56999e-05 0.00527143 0.305503 -0.00171083 0.00525952 0.305604 -0.00171006 9.87217e-06 -0.000338345 9.26535e-06
6592.91 -0.472234 -4.38248e-05 0.284413 0.706877 2.78548e-06 -0.707336 5.20576e-05 0.0250239 0 0 0 0 0.330535 0.0108774 -0.00238007 0.330535 0.0108774 -0.00238007 -1.56021e-05 -0.000301494 -8.89494e-05 -1.13002e-05 -0.000351041 -0.000109212 0.00524628 0.305583 -0.0016802 0.00525961 0.305601 -0.00170998 -1.82703e-06 -0.000301237 3.07079e-05
6592.92 -0.472232 3.57247e-06 0.284361 0.706836 -7.63681e-06 -0.707378 -6.13963e-06 0.0250243 0 0 0 0 0.330535 0.0108749 -0.00238081 0.330535 0.0108749 -0.00238081 -1.62888e-05 -0.000260035 -7.566e-05 -1.43563e-05 -0.000357318 -0.000107956 0.00525582 0.305566 -0.00166953 0.00525959 0.305599 -0.00170972 -4.44506e-06 -0.000281145 5.6913e-05
6592.93 -0.472229 4.02128e-06 0.284309 0.706794 -8.05573e-06 -0.707419 -6.79106e-06 0.0250209 0 0 0 0 0.330535 0.0108727 -0.00238144 0.330535 0.0108727 -0.00238144 -7.53712e-06 -0.000310513 -8.39e-05 -1.65888e-05 -0.000308781 -9.05111e-05 0.00526845 0.305472 -0.00171262 0.00525955 0.305596 -0.00170925 3.04685e-06 -0.000333884 4.5777e-05
6592.94 -0.472226 4.69823e-06 0.284257 0.706753 -8.6396e-06 -0.70746 -7.73371e-06 0.0250196 0 0 0 0 0.330535 0.0108701 -0.00238214 0.330535 0.0108701 -0.00238214 -1.55898e-05 -0.000257082 -8.45623e-05 -1.273e-05 -0.000290336 -8.00866e-05 0.00525248 0.305611 -0.00168401 0.00525958 0.305593 -0.00170887 -2.85363e-06 -0.000270135 5.79572e-05
6592.95 -0.472223 5.58889e-06 0.284205 0.706712 -9.37002e-06 -0.707502 -8.94678e-06 0.025018 0 0 0 0 0.330535 0.010868 -0.00238285 0.330535 0.010868 -0.00238285 -1.35588e-05 -0.000211757 -8.01062e-05 -1.26917e-05 -0.000265535 -7.82782e-05 0.00525951 0.305633 -0.00168067 0.00525956 0.305591 -0.00170838 -2.45691e-06 -0.000197649 7.04962e-05
6592.96 -0.47222 6.67512e-06 0.284153 0.70667 -1.02283e-05 -0.707543 -1.04051e-05 0.0250157 0 0 0 0 0.330534 0.0108662 -0.00238351 0.330534 0.0108662 -0.00238351 -2.4999e-05 -0.000169324 -7.91895e-05 -1.31314e-05 -0.000227431 -7.85162e-05 0.00524068 0.305611 -0.00167757 0.00525954 0.30559 -0.0017078 -1.6545e-05 -0.000151585 8.30774e-05
6592.97 -0.472217 7.9369e-06 0.284101 0.706629 -1.11969e-05 -0.707585 -1.20814e-05 0.0250129 0 0 0 0 0.330534 0.0108648 -0.00238417 0.330534 0.0108648 -0.00238417 -2.2679e-05 -0.000134452 -6.69368e-05 -1.95331e-05 -0.000181751 -7.89643e-05 0.00525904 0.305623 -0.00168467 0.0052594 0.305588 -0.0017071 -1.43355e-05 -0.000102447 8.77995e-05
6592.98 -0.472214 9.3538e-06 0.284049 0.706587 -1.22601e-05 -0.707626 -1.39486e-05 0.0250103 0 0 0 0 0.330534 0.0108637 -0.00238473 0.330534 0.0108637 -0.00238473 -1.90089e-05 -0.00010508 -6.21295e-05 -2.37362e-05 -0.000138722 -7.28327e-05 0.00524569 0.305592 -0.0016728 0.00525928 0.305587 -0.00170637 -2.2603e-05 -8.32525e-05 0.000100345
6592.99 -0.472211 1.09061e-05 0.283996 0.706546 -1.34042e-05 -0.707667 -1.59805e-05 0.0250081 0 0 0 0 0.330534 0.0108628 -0.00238525 0.330534 0.0108628 -0.00238525 -1.40322e-05 -6.86604e-05 -5.0884e-05 -2.2932e-05 -0.000103914 -6.47724e-05 0.00525868 0.305634 -0.00169301 0.00525909 0.305587 -0.00170554 -1.95216e-05 -3.48314e-05 9.48731e-05
6593 -0.472209 1.25757e-05 0.283944 0.706504 -1.46177e-05 -0.707709 -1.81534e-05 0.0250059 0 0 0 0 0.330534 0.0108622 -0.00238567 0.330534 0.0108622 -0.00238567 -1.2821e-05 -4.37558e-05 -4.73094e-05 -1.7942e-05 -7.15386e-05 -5.42718e-05 0.00522625 0.3056 -0.00167185 0.00525893 0.305586 -0.00170475 -4.16387e-05 -1.91682e-05 0.00010584
6593.01 -0.472206 1.43462e-05 0.283892 0.706463 -1.58909e-05 -0.70775 -2.0446e-05 0.0250042 0 0 0 0 0.330534 0.0108619 -0.00238607 0.330534 0.0108619 -0.00238607 -2.26777e-05 -2.50862e-05 -4.75798e-05 -1.32656e-05 -4.40531e-05 -4.6432e-05 0.005247 0.305611 -0.00171161 0.00525858 0.305586 -0.00170386 -4.42636e-05 2.58157e-06 8.40018e-05
6593.02 -0.472203 1.62031e-05 0.28384 0.706421 1.71967e-06 -0.707792 -4.17384e-05 0.0250034 0 0 0 0 0.330533 0.0108616 -0.00238646 0.330533 0.0108616 -0.00238646 -2.28656e-05 -1.36876e-05 -4.8648e-05 -1.6339e-05 -2.31425e-05 -4.39082e-05 0.00525618 0.305598 -0.00168079 0.00525821 0.305586 -0.00170316 -3.91738e-05 1.1359e-05 8.85342e-05
6593.03 -0.4722 1.8134e-05 0.283788 0.70638 3.75401e-07 -0.707833 -4.42402e-05 0.0250033 0 0 0 0 0.330533 0.0108615 -0.00238687 0.330533 0.0108615 -0.00238687 -2.69921e-05 4.40758e-06 -4.15675e-05 -2.09887e-05 -9.84413e-06 -4.53886e-05 0.00527287 0.305627 -0.00168639 0.00525788 0.305586 -0.00170243 -2.18026e-05 4.06579e-05 8.75243e-05
6593.04 -0.472197 2.01282e-05 0.283736 0.706338 -9.84669e-07 -0.707874 -4.68367e-05 0.0250033 0 0 0 0 0.330533 0.0108616 -0.00238721 0.330533 0.0108616 -0.00238721 -2.41111e-05 1.24613e-05 -5.11884e-05 -2.59924e-05 2.93567e-06 -4.39741e-05 0.00525749 0.305626 -0.00167948 0.0052577 0.305587 -0.0017017 -1.86922e-05 6.43127e-05 9.1408e-05
6593.05 -0.472194 2.21764e-05 0.283684 0.706297 -2.356e-06 -0.707916 -4.9516e-05 0.0250036 0 0 0 0 0.330533 0.0108617 -0.00238764 0.330533 0.0108617 -0.00238764 -2.62616e-05 2.14154e-05 -4.80234e-05 -2.70005e-05 1.30291e-05 -4.71951e-05 0.00525248 0.305587 -0.0016762 0.00525755 0.305587 -0.00170093 -1.97684e-05 5.45269e-05 9.66377e-05
6593.06 -0.472191 2.42707e-05 0.283632 0.706255 -3.73486e-06 -0.707957 -5.22679e-05 0.0250039 0 0 0 0 0.330533 0.0108619 -0.00238804 0.330533 0.0108619 -0.00238804 -2.70986e-05 3.1563e-05 -4.55754e-05 -2.70148e-05 2.14536e-05 -4.8914e-05 0.00525284 0.305613 -0.00170273 0.00525738 0.305588 -0.00170013 -2.02825e-05 6.53078e-05 8.01281e-05
6593.07 -0.472188 2.64046e-05 0.283579 0.706214 -5.11822e-06 -0.707999 -5.50838e-05 0.0250041 0 0 0 0 0.330532 0.0108621 -0.00238842 0.330532 0.0108621 -0.00238842 -3.06529e-05 3.9767e-05 -4.13304e-05 -2.70645e-05 3.01167e-05 -4.78478e-05 0.00525951 0.305632 -0.00168777 0.00525721 0.305588 -0.00169946 -1.54714e-05 8.88126e-05 7.70575e-05
6593.08 -0.472185 2.85724e-05 0.283527 0.706172 -6.5036e-06 -0.70804 -5.79563e-05 0.0250042 0 0 0 0 0.330532 0.0108624 -0.00238877 0.330532 0.0108624 -0.00238877 -2.56171e-05 5.82532e-05 -1.93622e-05 -2.8967e-05 3.86341e-05 -4.40033e-05 0.00524843 0.305606 -0.00167298 0.00525708 0.305589 -0.00169882 -1.97843e-05 8.82425e-05 8.52891e-05
6593.09 -0.472182 3.07692e-05 0.283475 0.706131 -7.88897e-06 -0.708081 -6.0879e-05 0.0250043 0 0 0 0 0.330532 0.0108629 -0.00238893 0.330532 0.0108629 -0.00238893 -2.79377e-05 6.71882e-05 -2.32375e-05 -2.7968e-05 5.23235e-05 -2.95423e-05 0.0052911 0.305639 -0.0016802 0.00525692 0.30559 -0.00169811 9.39769e-06 0.000113037 8.62096e-05
6593.1 -0.472179 3.29909e-05 0.283423 0.706089 -9.27268e-06 -0.708123 -6.38463e-05 0.0250048 0 0 0 0 0.330532 0.0108635 -0.00238912 0.330532 0.0108635 -0.00238912 -7.24715e-06 7.00255e-05 -1.74708e-05 -2.75538e-05 6.55809e-05 -2.04683e-05 0.00527072 0.305647 -0.00170475 0.005257 0.305591 -0.00169739 1.85063e-05 0.000139188 6.76129e-05
6593.11 -0.472176 3.52339e-05 0.283371 0.706048 -1.06534e-05 -0.708164 -6.68534e-05 0.025005 0 0 0 0 0.330532 0.0108641 -0.00238927 0.330532 0.0108641 -0.00238927 -3.41993e-06 8.4521e-05 -1.20475e-05 -1.67347e-05 7.31989e-05 -1.52775e-05 0.00526655 0.305623 -0.00170135 0.00525715 0.305592 -0.00169683 2.29294e-05 0.000142127 5.3983e-05
6593.12 -0.472173 3.74953e-05 0.283319 0.706006 -1.20301e-05 -0.708206 -6.98963e-05 0.0250054 0 0 0 0 0.330532 0.0108648 -0.00238937 0.330532 0.0108648 -0.00238937 -7.6405e-06 8.52267e-05 -1.17035e-05 -5.43503e-06 8.21767e-05 -1.15131e-05 0.00528586 0.30561 -0.00168693 0.00525734 0.305593 -0.00169638 4.13479e-05 0.000133937 5.31151e-05
6593.13 -0.47217 3.97724e-05 0.283266 0.705965 -1.34019e-05 -0.708247 -7.29711e-05 0.0250057 0 0 0 0 0.330532 0.0108655 -0.00238946 0.330532 0.0108655 -0.00238946 -9.41562e-07 8.42661e-05 -1.09707e-05 -2.08655e-06 8.73567e-05 -1.0112e-05 0.00527608 0.305637 -0.00167733 0.00525769 0.305594 -0.00169593 4.92405e-05 0.000146298 5.93957e-05
6593.14 -0.472167 4.20629e-05 0.283214 0.705923 -1.47681e-05 -0.708288 -7.60748e-05 0.0250057 0 0 0 0 0.330532 0.0108662 -0.00238956 0.330532 0.0108662 -0.00238956 8.50429e-06 -1.9647e-05 -3.002e-05 -1.50664e-07 8.78006e-05 -1.00038e-05 0.00524807 0.305443 -0.00169206 0.0052581 0.305595 -0.00169544 3.41541e-05 7.0945e-06 5.30656e-05
6593.15 -0.472164 4.43649e-05 0.283162 0.705882 -1.61281e-05 -0.70833 -7.92045e-05 0.0250025 0 0 0 0 0.330532 0.010866 -0.00238981 0.330532 0.010866 -0.00238981 3.49814e-06 -0.000106928 -3.76069e-05 5.1621e-06 3.16048e-05 -2.04623e-05 0.00526214 0.305464 -0.00167894 0.00525838 0.305595 -0.001695 3.1901e-05 -9.46289e-05 5.74013e-05
6593.16 -0.472161 4.66766e-05 0.28311 0.70584 -1.74817e-05 -0.708371 -8.23577e-05 0.0250047 0 0 0 0 0.330532 0.0108651 -0.00239012 0.330532 0.0108651 -0.00239012 7.35619e-06 -0.0001817 -4.25342e-05 6.4075e-06 -6.34846e-05 -3.36275e-05 0.00525284 0.305458 -0.00172746 0.00525865 0.305595 -0.00169452 2.26536e-05 -0.000184898 2.35198e-05
6593.17 -0.472158 4.89967e-05 0.283058 0.705798 -1.88285e-05 -0.708413 -8.55321e-05 0.025011 0 0 0 0 0.330532 0.0108636 -0.00239047 0.330532 0.0108636 -0.00239047 8.11987e-06 -0.000248968 -4.94655e-05 7.40182e-06 -0.000163423 -4.35499e-05 0.00526381 0.305489 -0.00171846 0.00525884 0.305593 -0.00169432 2.30593e-05 -0.000237003 1.47882e-06
6593.18 -0.472155 5.13238e-05 0.283006 0.705757 -2.01682e-05 -0.708454 -8.87258e-05 0.0250165 0 0 0 0 0.330532 0.0108615 -0.00239089 0.330532 0.0108615 -0.00239089 1.30127e-05 -0.000299262 -5.97465e-05 8.17502e-06 -0.000248154 -5.061e-05 0.00525773 0.305489 -0.00171119 0.00525903 0.305591 -0.00169431 1.85955e-05 -0.000279949 -1.16849e-05
6593.19 -0.472152 5.36567e-05 0.282953 0.705715 -2.15007e-05 -0.708496 -9.19369e-05 0.0250204 0 0 0 0 0.330532 0.0108591 -0.00239138 0.330532 0.0108591 -0.00239138 1.88238e-05 -0.000343704 -5.78189e-05 1.10214e-05 -0.000308753 -5.82186e-05 0.0052793 0.305483 -0.00170797 0.00525918 0.305589 -0.00169441 3.12265e-05 -0.000318652 -2.03286e-05
6593.2 -0.472149 5.59946e-05 0.282901 0.705674 -2.2826e-05 -0.708537 -9.51639e-05 0.0250232 0 0 0 0 0.330532 0.0108562 -0.00239187 0.330532 0.0108562 -0.00239187 7.92111e-06 -0.000370144 -6.72362e-05 1.62499e-05 -0.000351254 -6.10428e-05 0.00525641 0.30548 -0.00171977 0.00525944 0.305586 -0.00169458 2.42119e-05 -0.000352361 -3.65922e-05
6593.21 -0.472146 5.83364e-05 0.282849 0.705632 -2.41439e-05 -0.708578 -9.84053e-05 0.025025 0 0 0 0 0.330532 0.0108531 -0.00239243 0.330532 0.0108531 -0.00239243 1.38693e-05 -0.000395882 -6.49839e-05 1.3965e-05 -0.000378111 -6.54183e-05 0.00527084 0.305506 -0.00169957 0.00525965 0.305583 -0.00169488 2.91557e-05 -0.000358282 -3.46867e-05
6593.22 -0.472143 9.90742e-05 0.282797 0.70559 -5.42655e-05 -0.70862 -0.000130348 0.0250263 0 0 0 0 0.330532 0.0108498 -0.00239297 0.330532 0.0108498 -0.00239297 1.12492e-05 -0.000418862 -6.83214e-05 1.30037e-05 -0.000398144 -6.6935e-05 0.00526249 0.305501 -0.00171214 0.00525989 0.30558 -0.00169517 2.67726e-05 -0.000365365 -4.24883e-05
6593.23 -0.47214 0.000101441 0.282745 0.705549 -5.55851e-05 -0.708661 -0.000133627 0.0250275 0 0 0 0 0.330532 0.0108463 -0.00239354 0.330532 0.0108463 -0.00239354 1.45262e-05 -0.000439753 -6.61053e-05 1.16999e-05 -0.000417002 -6.82672e-05 0.00526202 0.305474 -0.00169301 0.00526011 0.305577 -0.00169553 2.42108e-05 -0.000389317 -3.41769e-05
6593.24 -0.472137 0.000103821 0.282692 0.705507 -5.69056e-05 -0.708703 -0.000136925 0.0250287 0 0 0 0 0.330532 0.0108427 -0.00239409 0.330532 0.0108427 -0.00239409 2.16965e-05 -0.00044285 -6.20633e-05 1.26628e-05 -0.000436457 -6.76641e-05 0.00526536 0.305486 -0.00171214 0.00526031 0.305574 -0.00169581 2.44384e-05 -0.000398089 -4.15653e-05
6593.25 -0.472134 0.000106212 0.28264 0.705466 -5.82268e-05 -0.708744 -0.000140241 0.0250294 0 0 0 0 0.330533 0.010839 -0.0023946 0.330533 0.010839 -0.0023946 3.04843e-05 -0.00045807 -7.20331e-05 1.77863e-05 -0.000447569 -6.44851e-05 0.0052619 0.3055 -0.00171256 0.00526052 0.305571 -0.00169616 2.18251e-05 -0.000392192 -4.7898e-05
6593.26 -0.472131 0.000108616 0.282588 0.705424 -5.9549e-05 -0.708786 -0.000143574 0.0250301 0 0 0 0 0.330533 0.0108351 -0.00239521 0.330533 0.0108351 -0.00239521 2.71549e-05 -0.000459637 -8.05932e-05 2.64913e-05 -0.000457509 -6.71776e-05 0.00526524 0.305463 -0.00168538 0.0052607 0.305567 -0.00169656 2.20241e-05 -0.000413534 -3.21345e-05
6593.27 -0.472128 0.00011103 0.282536 0.705382 -6.08721e-05 -0.708827 -0.000146922 0.0250305 0 0 0 0 0.330533 0.0108313 -0.00239588 0.330533 0.0108313 -0.00239588 2.21414e-05 -0.000460647 -8.59357e-05 3.03105e-05 -0.000462589 -7.52898e-05 0.00525498 0.305509 -0.00169718 0.00526088 0.305564 -0.00169682 1.41923e-05 -0.000393816 -2.75823e-05
6593.28 -0.472125 0.000113455 0.282483 0.705341 -6.21962e-05 -0.708868 -0.000150287 0.0250307 0 0 0 0 0.330533 0.0108275 -0.00239659 0.330533 0.0108275 -0.00239659 1.32612e-05 -0.000352516 -7.14184e-05 2.75474e-05 -0.000463596 -8.41098e-05 0.00524759 0.305607 -0.00167674 0.005261 0.305561 -0.00169705 1.77973e-06 -0.00029873 -7.86301e-06
6593.29 -0.472122 0.000115891 0.282431 0.705299 -6.35213e-05 -0.70891 -0.000153665 0.0250269 0 0 0 0 0.330533 0.0108245 -0.00239719 0.330533 0.0108245 -0.00239719 2.03455e-05 -0.000262491 -6.10478e-05 1.89503e-05 -0.000405719 -8.09681e-05 0.005252 0.30562 -0.00167668 0.00526102 0.305558 -0.00169712 -5.39765e-06 -0.000206401 8.98965e-06
6593.3 -0.472119 0.000118336 0.282379 0.705257 -6.48475e-05 -0.708951 -0.000157057 0.0250205 0 0 0 0 0.330534 0.0108223 -0.0023977 0.330534 0.0108223 -0.0023977 1.70042e-05 -0.000182528 -5.15254e-05 1.62543e-05 -0.000307496 -6.92641e-05 0.00523961 0.30562 -0.00169015 0.00526097 0.305556 -0.00169704 -2.09677e-05 -0.000126784 1.2925e-05
6593.31 -0.472116 0.000120791 0.282327 0.705216 -6.6175e-05 -0.708993 -0.000160463 0.0250137 0 0 0 0 0.330534 0.0108208 -0.00239813 0.330534 0.0108208 -0.00239813 2.52069e-05 -0.000203653 -5.0142e-05 1.55728e-05 -0.000202766 -5.52906e-05 0.00526798 0.305495 -0.00170767 0.0052608 0.305555 -0.00169694 -1.23117e-05 -0.000154307 2.75098e-06
6593.32 -0.472113 0.000123255 0.282274 0.705174 -6.75036e-05 -0.709034 -0.000163881 0.025011 0 0 0 0 0.330534 0.0108191 -0.00239854 0.330534 0.0108191 -0.00239854 3.48495e-05 -0.000222411 -4.94687e-05 2.03556e-05 -0.000161472 -4.70176e-05 0.00527716 0.305475 -0.00168204 0.00526069 0.305554 -0.00169691 2.16007e-06 -0.000192087 1.37385e-05
6593.33 -0.47211 0.000125728 0.282222 0.705132 -6.88335e-05 -0.709076 -0.000167311 0.025012 0 0 0 0 0.330534 0.0108173 -0.00239896 0.330534 0.0108173 -0.00239896 3.02078e-05 -0.000245122 -5.42014e-05 2.9867e-05 -0.000176978 -4.50048e-05 0.00525582 0.305487 -0.00168854 0.00526071 0.305552 -0.0016968 -1.9164e-06 -0.000213069 1.80063e-05
6593.34 -0.472107 0.000128209 0.28217 0.705091 -7.01647e-05 -0.709117 -0.000170753 0.0250147 0 0 0 0 0.330534 0.0108152 -0.00239941 0.330534 0.0108152 -0.00239941 3.31996e-05 -0.000253026 -5.57747e-05 3.38384e-05 -0.000218913 -4.90273e-05 0.00526857 0.30548 -0.00169456 0.0052607 0.305551 -0.00169665 4.41141e-06 -0.000234976 1.69023e-05
6593.35 -0.472103 0.000130699 0.282118 0.705049 -7.14973e-05 -0.709158 -0.000174206 0.025017 0 0 0 0 0.330535 0.0108131 -0.00239987 0.330535 0.0108131 -0.00239987 3.50727e-05 -0.000268372 -5.89488e-05 3.50868e-05 -0.000253532 -5.41712e-05 0.00526965 0.305496 -0.00171351 0.00526073 0.305549 -0.00169651 1.0583e-05 -0.000240369 1.32387e-06
6593.36 -0.4721 0.000133198 0.282065 0.705007 -7.28312e-05 -0.7092 -0.000177669 0.0250184 0 0 0 0 0.330535 0.0108109 -0.00240036 0.330535 0.0108109 -0.00240036 3.05909e-05 -0.000283238 -6.19549e-05 3.55772e-05 -0.000275122 -5.87289e-05 0.00526667 0.30552 -0.00171304 0.00526082 0.305547 -0.0016965 1.34747e-05 -0.000224908 -1.1557e-05
6593.37 -0.472097 0.000135704 0.282013 0.704966 -7.41666e-05 -0.709241 -0.000181143 0.0250193 0 0 0 0 0.330535 0.0108085 -0.00240088 0.330535 0.0108085 -0.00240088 2.11031e-05 -0.000278395 -6.16e-05 3.31567e-05 -0.000287989 -6.22387e-05 0.0052743 0.30551 -0.00168127 0.00526093 0.305545 -0.00169659 2.16955e-05 -0.000218081 1.92877e-06
6593.38 -0.472094 0.000138217 0.281961 0.704924 -7.55035e-05 -0.709283 -0.000184626 0.0250192 0 0 0 0 0.330535 0.0108062 -0.00240139 0.330535 0.0108062 -0.00240139 2.45134e-05 -0.000288116 -7.66711e-05 2.58675e-05 -0.000288086 -6.33031e-05 0.00525379 0.3055 -0.0017224 0.00526111 0.305543 -0.00169658 1.2822e-05 -0.00021856 -1.81562e-05
6593.39 -0.472091 0.000140739 0.281908 0.704882 -7.68418e-05 -0.709324 -0.000188118 0.0250193 0 0 0 0 0.330536 0.0108038 -0.00240203 0.330536 0.0108038 -0.00240203 2.25934e-05 -0.000288405 -8.2316e-05 2.22506e-05 -0.000288141 -7.07411e-05 0.00526869 0.305479 -0.00168705 0.00526122 0.305541 -0.00169673 1.66245e-05 -0.000233588 -8.00813e-06
6593.4 -0.472088 0.000143267 0.281856 0.704841 -7.81816e-05 -0.709366 -0.00019162 0.0250195 0 0 0 0 0.330536 0.0108014 -0.00240272 0.330536 0.0108014 -0.00240272 1.73444e-05 -0.000283081 -8.16058e-05 2.09883e-05 -0.000288301 -7.97798e-05 0.00525916 0.305512 -0.00170648 0.00526136 0.305539 -0.00169679 1.24377e-05 -0.00021964 -1.42314e-05
6593.41 -0.472085 0.000145803 0.281804 0.704799 -7.9523e-05 -0.709407 -0.00019513 0.0250194 0 0 0 0 0.330536 0.010799 -0.0024034 0.330536 0.010799 -0.0024034 1.78915e-05 -0.000283914 -7.74646e-05 1.85732e-05 -0.000285626 -8.43418e-05 0.00527191 0.305472 -0.00168437 0.00526146 0.305537 -0.00169691 1.85801e-05 -0.000237048 -2.47441e-06
6593.42 -0.472082 0.000148345 0.281752 0.704757 -8.08659e-05 -0.709449 -0.000198649 0.0250192 0 0 0 0 0.330536 0.0107967 -0.00240404 0.330536 0.0107967 -0.00240404 2.3269e-05 -0.000280692 -7.43647e-05 1.72525e-05 -0.000283661 -8.25527e-05 0.00526404 0.305475 -0.00170583 0.00526162 0.305535 -0.00169693 1.76486e-05 -0.000247744 -8.91962e-06
6593.43 -0.472078 0.000150894 0.281699 0.704715 -8.22103e-05 -0.70949 -0.000202175 0.025019 0 0 0 0 0.330536 0.0107943 -0.00240466 0.330536 0.0107943 -0.00240466 2.61361e-05 -0.000278816 -8.17205e-05 1.98825e-05 -0.00028132 -7.75435e-05 0.00526965 0.305471 -0.00170594 0.00526176 0.305533 -0.00169701 2.104e-05 -0.000258632 -1.44309e-05
6593.44 -0.472075 0.000153449 0.281647 0.704674 -8.35563e-05 -0.709531 -0.00020571 0.0250189 0 0 0 0 0.330537 0.010792 -0.00240534 0.330537 0.010792 -0.00240534 1.6341e-05 -0.000272141 -8.94141e-05 2.42122e-05 -0.000279073 -7.77376e-05 0.00525987 0.30547 -0.00170887 0.00526194 0.305531 -0.00169713 1.62928e-05 -0.000266941 -2.12613e-05
6593.45 -0.472072 0.000156011 0.281595 0.704632 -8.49038e-05 -0.709573 -0.000209252 0.0250187 0 0 0 0 0.330537 0.0107897 -0.00240609 0.330537 0.0107897 -0.00240609 2.26281e-05 -0.000266632 -8.91654e-05 2.18089e-05 -0.00027454 -8.39411e-05 0.00528431 0.305499 -0.00170547 0.00526208 0.305529 -0.00169731 3.08914e-05 -0.000249537 -2.43248e-05
6593.46 -0.472069 0.000158579 0.281542 0.70459 -8.62529e-05 -0.709614 -0.000212801 0.0250184 0 0 0 0 0.330537 0.0107875 -0.00240683 0.330537 0.0107875 -0.00240683 2.10626e-05 -0.000266446 -9.14463e-05 2.12804e-05 -0.000268584 -8.91557e-05 0.00527465 0.305465 -0.00173336 0.00526233 0.305527 -0.00169751 3.56961e-05 -0.000259568 -4.81598e-05
6593.47 -0.472066 0.000161153 0.28149 0.704549 -8.76035e-05 -0.709656 -0.000216357 0.0250183 0 0 0 0 0.330537 0.0107853 -0.00240759 0.330537 0.0107853 -0.00240759 1.72214e-05 -0.000256974 -8.64938e-05 2.09554e-05 -0.000265087 -9.24367e-05 0.0052669 0.305482 -0.00171167 0.00526263 0.305525 -0.00169791 3.361e-05 -0.00025366 -5.14718e-05
6593.48 -0.472063 0.000163733 0.281438 0.704507 -8.89556e-05 -0.709697 -0.000219919 0.0250179 0 0 0 0 0.330537 0.0107832 -0.00240832 0.330537 0.0107832 -0.00240832 1.97882e-05 -0.000248717 -7.79853e-05 1.88668e-05 -0.000259436 -9.0627e-05 0.00527728 0.305506 -0.00171673 0.00526291 0.305523 -0.00169834 3.95742e-05 -0.00022826 -5.78417e-05
6593.49 -0.472059 0.000166319 0.281385 0.704465 -9.03093e-05 -0.709739 -0.000223489 0.0250173 0 0 0 0 0.330537 0.0107811 -0.00240897 0.330537 0.0107811 -0.00240897 2.35794e-05 -0.00024234 -7.29074e-05 1.85174e-05 -0.000251559 -8.32729e-05 0.00525415 0.30544 -0.00169468 0.00526324 0.305521 -0.00169882 2.66583e-05 -0.000255898 -4.59764e-05
6593.5 -0.472056 0.00016891 0.281333 0.704423 -9.16644e-05 -0.70978 -0.000227064 0.0250166 0 0 0 0 0.330538 0.0107791 -0.00240957 0.330538 0.0107791 -0.00240957 1.92472e-05 -0.000239395 -6.73497e-05 2.10339e-05 -0.000243582 -7.49023e-05 0.0052793 0.305482 -0.00171566 0.00526346 0.305519 -0.0016992 3.47975e-05 -0.000245348 -5.1686e-05
6593.51 -0.472053 0.000171506 0.281281 0.704382 -9.30211e-05 -0.709822 -0.000230646 0.0250161 0 0 0 0 0.330538 0.0107771 -0.00241013 0.330538 0.0107771 -0.00241013 2.62278e-05 -0.000229607 -7.19763e-05 2.10999e-05 -0.000238204 -6.76021e-05 0.00527477 0.30548 -0.00172156 0.00526375 0.305517 -0.00169963 3.80185e-05 -0.000236803 -6.07318e-05
6593.52 -0.47205 0.000174108 0.281228 0.70434 -9.43792e-05 -0.709863 -0.000234233 0.0250157 0 0 0 0 0.330538 0.0107752 -0.00241073 0.330538 0.0107752 -0.00241073 2.22125e-05 -0.000219334 -6.49828e-05 2.38166e-05 -0.000231549 -6.69862e-05 0.00528467 0.305474 -0.00170994 0.00526407 0.305515 -0.00170014 4.80986e-05 -0.000232005 -5.91193e-05
6593.53 -0.472047 0.000176715 0.281176 0.704298 -9.57387e-05 -0.709904 -0.000237826 0.0250152 0 0 0 0 0.330538 0.0107733 -0.00241128 0.330538 0.0107733 -0.00241128 1.29919e-05 -0.000204706 -6.59824e-05 2.40583e-05 -0.000222487 -6.56896e-05 0.00527036 0.305466 -0.0017243 0.00526447 0.305513 -0.00170063 4.53893e-05 -0.000232857 -6.83848e-05
6593.54 -0.472043 0.000179327 0.281124 0.704256 -9.70996e-05 -0.709946 -0.000241425 0.0250143 0 0 0 0 0.330538 0.0107716 -0.00241183 0.330538 0.0107716 -0.00241183 9.09502e-06 -0.000201929 -7.01119e-05 1.83486e-05 -0.000209545 -6.53262e-05 0.00526142 0.305488 -0.00171518 0.00526485 0.305511 -0.0017012 3.59422e-05 -0.000215688 -6.88293e-05
6593.55 -0.47204 0.000181944 0.281071 0.704214 -9.8462e-05 -0.709987 -0.000245029 0.0250138 0 0 0 0 0.330538 0.0107699 -0.00241241 0.330538 0.0107699 -0.00241241 1.12094e-05 -0.000200428 -6.01487e-05 1.1217e-05 -0.000200389 -6.76921e-05 0.00527656 0.305455 -0.00173259 0.00526515 0.305509 -0.00170178 3.92922e-05 -0.000224603 -8.21115e-05
6593.56 -0.472037 0.000184565 0.281019 0.704173 -9.98257e-05 -0.710029 -0.000248638 0.0250135 0 0 0 0 0.330538 0.0107683 -0.00241291 0.330538 0.0107683 -0.00241291 1.46711e-05 -0.000198117 -5.29889e-05 8.36938e-06 -0.000196758 -6.46778e-05 0.00527155 0.305477 -0.00171947 0.00526548 0.305507 -0.00170246 3.80493e-05 -0.000213561 -8.28198e-05
6593.57 -0.472034 0.000187191 0.280967 0.704131 -0.000101191 -0.71007 -0.000252252 0.0250133 0 0 0 0 0.330538 0.0107666 -0.00241335 0.330538 0.0107666 -0.00241335 1.34974e-05 -0.000199722 -5.3147e-05 1.05401e-05 -0.000196023 -5.73433e-05 0.00528514 0.305464 -0.00170022 0.00526579 0.305505 -0.00170315 4.71693e-05 -0.000213256 -6.81316e-05
6593.58 -0.47203 0.000189822 0.280914 0.704089 -0.000102557 -0.710112 -0.000255871 0.0250133 0 0 0 0 0.330539 0.010765 -0.0024138 0.330539 0.010765 -0.0024138 8.94069e-06 -0.000203591 -5.5318e-05 1.29572e-05 -0.000197671 -5.22171e-05 0.0052588 0.30548 -0.00171328 0.00526619 0.305504 -0.00170372 3.44188e-05 -0.000199112 -6.5223e-05
6593.59 -0.472027 0.000192457 0.280862 0.704047 -0.000103925 -0.710153 -0.000259495 0.0250135 0 0 0 0 0.330539 0.0107633 -0.00241426 0.330539 0.0107633 -0.00241426 2.54369e-06 -0.000178462 -4.78982e-05 1.18137e-05 -0.000201434 -5.18e-05 0.00526953 0.305471 -0.0017041 0.00526647 0.305502 -0.00170426 3.15898e-05 -0.000192905 -5.5297e-05
6593.6 -0.472024 0.000195097 0.280809 0.704005 -0.000105294 -0.710195 -0.000263123 0.0250128 0 0 0 0 0.330539 0.0107618 -0.00241466 0.330539 0.0107618 -0.00241466 4.58616e-06 -0.000152043 -3.66714e-05 6.4942e-06 -0.000190882 -4.95866e-05 0.00527191 0.305488 -0.0016982 0.00526674 0.3055 -0.00170472 3.0812e-05 -0.000173152 -4.19847e-05
6593.61 -0.472021 0.00019774 0.280757 0.703963 -0.000106664 -0.710236 -0.000266755 0.0250111 0 0 0 0 0.330539 0.0107605 -0.00241496 0.330539 0.0107605 -0.00241496 6.47527e-06 -0.000131423 -2.80852e-05 3.37204e-06 -0.000166298 -4.1928e-05 0.00525713 0.305466 -0.00169665 0.00526699 0.305499 -0.00170507 1.86208e-05 -0.000172488 -2.9216e-05
6593.62 -0.472017 0.000200388 0.280705 0.703922 -0.000108035 -0.710278 -0.000270392 0.0250092 0 0 0 0 0.330539 0.0107594 -0.0024152 0.330539 0.0107594 -0.0024152 1.63564e-05 -0.000107082 -8.6363e-06 3.75524e-06 -0.000138198 -3.16115e-05 0.00525594 0.305481 -0.00170749 0.00526715 0.305497 -0.00170532 7.22819e-06 -0.000158964 -2.64962e-05
6593.63 -0.472014 0.000203039 0.280652 0.70388 -0.000109408 -0.710319 -0.000274033 0.0250073 0 0 0 0 0.330539 0.0107585 -0.00241527 0.330539 0.0107585 -0.00241527 5.18075e-06 -9.6324e-05 -4.84994e-06 1.05193e-05 -0.000110669 -1.54439e-05 0.00525141 0.305474 -0.00171387 0.00526721 0.305496 -0.00170554 -5.97213e-06 -0.000151848 -2.89055e-05
6593.64 -0.472011 0.000205695 0.2806 0.703838 -0.000110782 -0.710361 -0.000277678 0.025006 0 0 0 0 0.330539 0.0107577 -0.00241531 0.330539 0.0107577 -0.00241531 4.95078e-07 -7.98558e-05 4.93353e-06 1.04155e-05 -9.21657e-05 -3.4391e-06 0.00526416 0.305517 -0.0017029 0.00526716 0.305495 -0.00170578 -7.37152e-06 -0.000112271 -2.23595e-05
6593.65 -0.472007 0.000208354 0.280547 0.703796 -0.000112157 -0.710402 -0.000281327 0.0250051 0 0 0 0 0.330539 0.0107571 -0.00241527 0.330539 0.0107571 -0.00241527 -1.08065e-07 -6.70777e-05 1.47097e-06 5.16931e-06 -7.83294e-05 5.7404e-06 0.00526154 0.305483 -0.00169766 0.0052671 0.305494 -0.00170596 -1.05243e-05 -0.000103833 -1.26326e-05
6593.66 -0.472004 0.000211017 0.280495 0.703754 -0.000113533 -0.710443 -0.000284979 0.0250044 0 0 0 0 0.330539 0.0107565 -0.00241525 0.330539 0.0107565 -0.00241525 -2.44787e-06 -5.90668e-05 -2.01208e-07 3.08662e-07 -6.69091e-05 7.16063e-06 0.00526774 0.305482 -0.00168049 0.00526701 0.305493 -0.00170607 -8.38352e-06 -9.67312e-05 8.87498e-06
6593.67 -0.472001 0.000213684 0.280443 0.703712 -0.00011491 -0.710485 -0.000288635 0.0250038 0 0 0 0 0.330539 0.010756 -0.00241526 0.330539 0.010756 -0.00241526 -3.23233e-06 -4.82972e-05 2.53774e-06 -3.07569e-06 -5.82409e-05 3.86451e-06 0.0052582 0.305481 -0.00169557 0.00526694 0.305492 -0.001706 -1.38226e-05 -9.0855e-05 1.55328e-05
6593.68 -0.471998 0.000216354 0.28039 0.70367 -0.000116288 -0.710526 -0.000292295 0.0250032 0 0 0 0 0.330539 0.0107556 -0.00241523 0.330539 0.0107556 -0.00241523 3.26034e-07 -4.57651e-05 5.30597e-06 -4.50734e-06 -4.95676e-05 1.85413e-06 0.00526631 0.305497 -0.00168568 0.00526682 0.305491 -0.00170587 -1.21412e-05 -7.32623e-05 2.86772e-05
6593.69 -0.471994 0.000219028 0.280338 0.703629 -0.000117667 -0.710568 -0.000295959 0.0250029 0 0 0 0 0.330539 0.0107552 -0.00241519 0.330539 0.0107552 -0.00241519 -5.15232e-06 -3.24639e-05 1.48906e-05 -2.54234e-06 -4.41142e-05 2.86354e-06 0.00528085 0.305506 -0.00167584 0.00526672 0.305491 -0.00170563 5.15776e-07 -5.05098e-05 4.72039e-05
6593.7 -0.471991 0.000221705 0.280285 0.703587 -0.000119046 -0.710609 -0.000299625 0.0250024 0 0 0 0 0.330539 0.010755 -0.00241507 0.330539 0.010755 -0.00241507 -9.22631e-06 -3.19553e-05 2.08836e-05 -3.12816e-06 -3.58274e-05 9.57607e-06 0.00525403 0.30549 -0.00169116 0.00526673 0.30549 -0.00170523 -9.29668e-06 -4.3146e-05 5.0901e-05
6593.71 -0.471988 0.000224385 0.280233 0.703545 -0.000120427 -0.710651 -0.000303295 0.0250023 0 0 0 0 0.330539 0.0107547 -0.00241489 0.330539 0.0107547 -0.00241489 -1.5097e-05 -2.20241e-05 2.26439e-05 -6.56117e-06 -3.04916e-05 1.81852e-05 0.00526035 0.305507 -0.00172716 0.00526665 0.30549 -0.00170481 -1.27314e-05 -2.35657e-05 2.61151e-05
6593.72 -0.471984 0.000227068 0.28018 0.703503 -0.000121809 -0.710692 -0.000306968 0.0250023 0 0 0 0 0.330539 0.0107545 -0.0024147 0.330539 0.0107545 -0.0024147 -1.73388e-05 -1.23236e-05 1.84655e-05 -1.24084e-05 -2.39215e-05 2.39572e-05 0.00526679 0.305519 -0.00169009 0.00526654 0.30549 -0.00170459 -1.06333e-05 1.99775e-06 3.3311e-05
6593.73 -0.471981 0.000229755 0.280128 0.703461 -0.000123192 -0.710734 -0.000310644 0.0250021 0 0 0 0 0.330539 0.0107544 -0.00241455 0.330539 0.0107544 -0.00241455 -2.24233e-05 -1.48474e-05 9.90703e-06 -1.73267e-05 -1.52169e-05 2.33775e-05 0.00525618 0.305493 -0.00169539 0.00526646 0.30549 -0.00170431 -1.69169e-05 4.12577e-06 3.51458e-05
6593.74 -0.471978 0.000232444 0.280076 0.703419 -0.000124575 -0.710775 -0.000314323 0.0250019 0 0 0 0 0.330538 0.0107543 -0.00241447 0.330538 0.0107543 -0.00241447 -1.89232e-05 -1.68226e-05 8.42055e-06 -2.19617e-05 -1.15522e-05 1.6079e-05 0.00526762 0.305496 -0.00167984 0.00526631 0.30549 -0.00170402 -1.33742e-05 8.44403e-06 4.84078e-05
6593.75 -0.471974 0.000235137 0.280023 0.703377 -0.00012596 -0.710817 -0.000318006 0.0250018 0 0 0 0 0.330538 0.0107541 -0.0024144 0.330538 0.0107541 -0.0024144 -1.10753e-05 -8.11939e-06 1.10337e-05 -2.22157e-05 -1.2856e-05 9.15077e-06 0.00525391 0.305473 -0.00169373 0.0052662 0.30549 -0.00170362 -2.07891e-05 -5.69453e-06 4.87202e-05
6593.76 -0.471971 0.000237832 0.279971 0.703335 -0.000127345 -0.710858 -0.00032169 0.0250014 0 0 0 0 0.330538 0.0107541 -0.00241431 0.330538 0.0107541 -0.00241431 -1.28357e-05 -3.07216e-06 1.87134e-05 -1.64721e-05 -1.08908e-05 7.37613e-06 0.00525677 0.305512 -0.00169009 0.00526603 0.30549 -0.00170321 -2.47635e-05 1.22375e-05 5.1462e-05
6593.77 -0.471968 0.00024053 0.279918 0.703293 -0.000128731 -0.7109 -0.000325378 0.0250012 0 0 0 0 0.330538 0.010754 -0.00241415 0.330538 0.010754 -0.00241415 -1.23303e-05 -1.1435e-06 1.85391e-05 -1.22741e-05 -6.00513e-06 1.26167e-05 0.00526953 0.305517 -0.00169951 0.00526582 0.30549 -0.00170278 -1.82031e-05 3.08247e-05 4.62426e-05
6593.78 -0.471964 0.000243231 0.279866 0.703251 -0.000130117 -0.710941 -0.000329068 0.0250014 0 0 0 0 0.330538 0.010754 -0.00241399 0.330538 0.010754 -0.00241399 -1.08167e-05 3.9512e-06 2.10601e-05 -1.06297e-05 -1.50634e-06 1.78135e-05 0.00525749 0.305509 -0.00169486 0.00526567 0.30549 -0.0017024 -2.17432e-05 4.01846e-05 4.50765e-05
6593.79 -0.471961 0.000245935 0.279813 0.703209 -0.000131505 -0.710983 -0.000332761 0.0250016 0 0 0 0 0.330538 0.0107541 -0.00241382 0.330538 0.0107541 -0.00241382 -6.26238e-06 1.58688e-05 3.17964e-05 -1.00721e-05 3.15082e-06 2.1589e-05 0.00527287 0.305515 -0.00170559 0.00526549 0.305491 -0.00170202 -1.28221e-05 5.27256e-05 3.55717e-05
6593.8 -0.471957 0.000248641 0.279761 0.703167 -0.000132893 -0.711024 -0.000336457 0.0250021 0 0 0 0 0.330538 0.0107542 -0.00241355 0.330538 0.0107542 -0.00241355 -6.00823e-06 2.46035e-05 3.9117e-05 -7.85099e-06 1.16803e-05 2.84498e-05 0.00527 0.305492 -0.00169766 0.00526538 0.305491 -0.00170173 -7.35297e-06 4.52458e-05 3.33456e-05
6593.81 -0.471954 0.00025135 0.279708 0.703126 -0.000134281 -0.711066 -0.000340155 0.0250028 0 0 0 0 0.330538 0.0107544 -0.00241323 0.330538 0.0107544 -0.00241323 -1.82376e-06 7.44477e-06 1.78056e-05 -5.99854e-06 2.18616e-05 3.67821e-05 0.0052613 0.305478 -0.00172895 0.00526532 0.305491 -0.00170145 -9.33058e-06 2.77886e-05 7.24887e-06
6593.82 -0.471951 0.000254061 0.279656 0.703084 -0.00013567 -0.711107 -0.000343855 0.0250023 0 0 0 0 0.330538 0.0107545 -0.00241308 0.330538 0.0107545 -0.00241308 -4.65417e-06 9.12583e-05 3.25312e-05 -3.06958e-06 1.83574e-05 3.01484e-05 0.00524616 0.305609 -0.00166321 0.00526524 0.305492 -0.00170139 -2.2559e-05 0.000113739 3.54326e-05
6593.83 -0.471947 0.000256775 0.279603 0.703042 -0.00013706 -0.711149 -0.000347558 0.025004 0 0 0 0 0.330538 0.0107552 -0.00241281 0.330538 0.0107552 -0.00241281 -5.47584e-06 7.09299e-05 2.55059e-05 -2.73306e-06 5.52079e-05 2.87534e-05 0.00525296 0.305487 -0.00169796 0.00526506 0.305493 -0.00170109 -2.84462e-05 9.20976e-05 3.25131e-05
6593.84 -0.471944 0.000259491 0.279551 0.703 -0.000138451 -0.71119 -0.000351263 0.0250054 0 0 0 0 0.330538 0.0107558 -0.0024126 0.330538 0.0107558 -0.0024126 -1.04348e-05 0.000153604 4.05775e-05 -4.03788e-06 7.81502e-05 2.64934e-05 0.00527084 0.305617 -0.00168937 0.00526482 0.305493 -0.00170082 -1.95575e-05 0.000173065 3.64052e-05
6593.85 -0.47194 0.000262209 0.279498 0.702958 -0.000139842 -0.711232 -0.00035497 0.0250085 0 0 0 0 0.330538 0.0107571 -0.00241226 0.330538 0.0107571 -0.00241226 -2.44531e-05 0.000219263 4.94239e-05 -7.91433e-06 0.000126886 3.29815e-05 0.00525892 0.305584 -0.00168866 0.00526466 0.305495 -0.00170052 -2.10191e-05 0.000215604 4.00284e-05
6593.86 -0.471937 0.00026493 0.279446 0.702916 -0.000141233 -0.711273 -0.000358679 0.025013 0 0 0 0 0.330537 0.0107589 -0.00241185 0.330537 0.0107589 -0.00241185 -2.47843e-05 0.000272479 5.89104e-05 -1.81371e-05 0.000194785 4.41951e-05 0.00526285 0.305609 -0.00169343 0.00526448 0.305497 -0.00170018 -1.91106e-05 0.000269501 3.91955e-05
6593.87 -0.471934 0.000267653 0.279393 0.702874 -0.000142625 -0.711315 -0.000362391 0.0250175 0 0 0 0 0.330537 0.0107612 -0.00241136 0.330537 0.0107612 -0.00241136 -3.36816e-05 0.00030907 5.13775e-05 -2.57008e-05 0.000262621 5.63868e-05 0.00524831 0.305628 -0.00167751 0.00526432 0.305499 -0.00169986 -2.85173e-05 0.000328042 5.0439e-05
6593.88 -0.47193 0.000270379 0.279341 0.702832 -0.000144018 -0.711356 -0.000366104 0.0250209 0 0 0 0 0.330537 0.0107638 -0.00241093 0.330537 0.0107638 -0.00241093 -4.0113e-05 0.000354477 6.30648e-05 -3.29039e-05 0.00031404 5.86199e-05 0.00525224 0.305618 -0.00169206 0.00526408 0.305502 -0.00169944 -3.33125e-05 0.000367991 4.85205e-05
6593.89 -0.471927 0.000273106 0.279288 0.70279 -0.000145411 -0.711398 -0.00036982 0.0250236 0 0 0 0 0.330536 0.0107667 -0.0024104 0.330536 0.0107667 -0.0024104 -4.15746e-05 0.000385603 6.99884e-05 -3.95583e-05 0.000355758 6.18424e-05 0.00527346 0.305606 -0.0016771 0.00526381 0.305505 -0.00169903 -2.09055e-05 0.000390151 5.80506e-05
6593.9 -0.471923 0.000275835 0.279236 0.702748 -0.000146804 -0.711439 -0.000373537 0.0250257 0 0 0 0 0.330536 0.0107699 -0.00240982 0.330536 0.0107699 -0.00240982 -3.64273e-05 0.000404132 7.01693e-05 -4.32695e-05 0.000388051 6.74011e-05 0.00527239 0.30559 -0.00169146 0.00526363 0.305508 -0.00169855 -1.10515e-05 0.000394242 5.47647e-05
6593.91 -0.47192 0.000278567 0.279183 0.702706 -0.000148198 -0.711481 -0.000377256 0.0250271 0 0 0 0 0.330536 0.0107733 -0.00240923 0.330536 0.0107733 -0.00240923 -3.27345e-05 0.000327206 5.20521e-05 -4.11595e-05 0.000409364 7.107e-05 0.00528002 0.305497 -0.00172007 0.00526354 0.305511 -0.00169809 3.24213e-06 0.000323808 2.96869e-05
6593.92 -0.471916 0.0002813 0.279131 0.702664 -0.000149592 -0.711522 -0.000380978 0.0250248 0 0 0 0 0.330536 0.010776 -0.0024088 0.330536 0.010776 -0.0024088 -4.71187e-05 0.000359213 6.88619e-05 -3.5898e-05 0.000374758 6.2555e-05 0.00525808 0.30565 -0.00167662 0.00526357 0.305514 -0.00169785 -1.44964e-06 0.000379484 4.15017e-05
6593.93 -0.471913 0.000284036 0.279078 0.702622 -0.000150987 -0.711564 -0.000384701 0.0250234 0 0 0 0 0.330535 0.010779 -0.00240823 0.330535 0.010779 -0.00240823 -4.85299e-05 0.000381752 8.001e-05 -3.9687e-05 0.000352804 6.24687e-05 0.00525165 0.305634 -0.00165588 0.00526356 0.305517 -0.0016975 -1.03628e-05 0.000411826 6.71795e-05
6593.94 -0.471909 0.000286773 0.279026 0.70258 -0.000152382 -0.711605 -0.000388425 0.025024 0 0 0 0 0.330535 0.0107822 -0.00240756 0.330535 0.0107822 -0.00240756 -5.09729e-05 0.000402923 9.09829e-05 -4.58373e-05 0.000359237 7.16374e-05 0.0052613 0.305598 -0.00166291 0.00526347 0.30552 -0.00169694 -1.04674e-05 0.000409442 8.3178e-05
6593.95 -0.471906 0.000289513 0.278973 0.702538 -0.000153777 -0.711646 -0.000392152 0.0250258 0 0 0 0 0.330534 0.0107856 -0.0024068 0.330534 0.0107856 -0.0024068 -5.55565e-05 0.00040858 0.000107495 -5.09841e-05 0.000384722 8.5443e-05 0.00525355 0.305611 -0.00166863 0.00526338 0.305524 -0.00169625 -1.64303e-05 0.000414625 9.18543e-05
6593.96 -0.471902 0.000292254 0.278921 0.702496 -0.000155173 -0.711688 -0.00039588 0.0250275 0 0 0 0 0.330534 0.010789 -0.00240591 0.330534 0.010789 -0.00240591 -5.2333e-05 0.000427047 0.00011467 -5.54352e-05 0.000407401 0.000102517 0.00524533 0.305608 -0.00164235 0.00526324 0.305527 -0.00169548 -2.76988e-05 0.000413821 0.000118794
6593.97 -0.471899 0.000294997 0.278868 0.702453 -0.000156568 -0.71173 -0.00039961 0.025029 0 0 0 0 0.330533 0.0107925 -0.00240495 0.330533 0.0107925 -0.00240495 -6.46144e-05 0.000430312 0.000118617 -5.55825e-05 0.000426751 0.000115701 0.00525129 0.305607 -0.00164455 0.00526301 0.305531 -0.00169449 -3.25275e-05 0.000410402 0.000139236
6593.98 -0.471895 0.000297741 0.278816 0.702411 -0.000157965 -0.711771 -0.000403341 0.0250297 0 0 0 0 0.330533 0.0107961 -0.00240396 0.330533 0.0107961 -0.00240396 -5.517e-05 0.000438437 0.000136615 -6.03798e-05 0.000436335 0.000122488 0.00524962 0.305601 -0.00166005 0.00526274 0.305534 -0.00169333 -3.77025e-05 0.000399985 0.000143835
6593.99 -0.471892 0.000300488 0.278763 0.702369 -0.000159361 -0.711812 -0.000407074 0.0250302 0 0 0 0 0.330532 0.0107998 -0.00240282 0.330532 0.0107998 -0.00240282 -5.19103e-05 0.000438885 0.000141027 -5.95593e-05 0.000441259 0.000132606 0.0052489 0.305587 -0.00166142 0.00526243 0.305538 -0.00169213 -4.24075e-05 0.000378136 0.000145774
6594 -0.471888 0.000303236 0.278711 0.702327 -0.000160758 -0.711854 -0.000410809 0.0250304 0 0 0 0 0.330532 0.0108034 -0.00240165 0.330532 0.0108034 -0.00240165 -5.71259e-05 0.000429382 0.000137706 -5.52191e-05 0.000441977 0.000141059 0.00525177 0.305614 -0.00167733 0.00526208 0.305541 -0.00169092 -4.39412e-05 0.000377671 0.000134288
6594.01 -0.471885 0.000305986 0.278658 0.702285 -0.000162155 -0.711896 -0.000414545 0.02503 0 0 0 0 0.330532 0.010807 -0.0024005 0.330532 0.010807 -0.0024005 -5.4338e-05 0.000421717 0.000130897 -5.44888e-05 0.000435655 0.00014267 0.0052588 0.305609 -0.00165349 0.00526171 0.305544 -0.0016898 -3.95712e-05 0.000371048 0.000141949
6594.02 -0.471881 0.000308737 0.278605 0.702243 -0.000163552 -0.711937 -0.000418283 0.0250293 0 0 0 0 0.330531 0.0108105 -0.00239941 0.330531 0.0108105 -0.00239941 -5.11649e-05 0.000419112 0.000133597 -5.41186e-05 0.000425822 0.000137136 0.0052321 0.30559 -0.00166714 0.00526138 0.305547 -0.00168862 -5.60781e-05 0.000348334 0.000137088
6594.03 -0.471878 0.00031149 0.278553 0.702201 -0.000164949 -0.711979 -0.000422021 0.0250287 0 0 0 0 0.330531 0.010814 -0.0023983 0.330531 0.010814 -0.0023983 -5.90179e-05 0.000402495 0.00012567 -5.24212e-05 0.00041838 0.000133073 0.00526118 0.305638 -0.00164717 0.00526091 0.30555 -0.00168747 -4.74456e-05 0.00036364 0.00014739
6594.04 -0.471874 0.000314245 0.2785 0.702159 -0.000166347 -0.71202 -0.000425762 0.025028 0 0 0 0 0.33053 0.0108174 -0.00239725 0.33053 0.0108174 -0.00239725 -4.34699e-05 0.000400531 0.000136456 -5.52054e-05 0.000407079 0.000127568 0.00526226 0.305606 -0.0016458 0.00526052 0.305553 -0.00168625 -3.89843e-05 0.000349486 0.000156254
6594.05 -0.471871 0.000317001 0.278448 0.702117 -0.000167744 -0.712062 -0.000429504 0.0250275 0 0 0 0 0.33053 0.0108207 -0.00239611 0.33053 0.0108207 -0.00239611 -5.08188e-05 0.000388602 0.000127246 -5.01585e-05 0.000399137 0.000130036 0.00524437 0.305605 -0.00164759 0.00526019 0.305556 -0.00168494 -4.52549e-05 0.000334792 0.000161416
6594.06 -0.471867 0.000319758 0.278395 0.702075 -0.000169142 -0.712103 -0.000433247 0.0250269 0 0 0 0 0.330529 0.0108239 -0.00239505 0.330529 0.0108239 -0.00239505 -4.56798e-05 0.00037867 0.000126879 -4.84925e-05 0.000390443 0.000129557 0.00523579 0.305631 -0.00167251 0.00525981 0.305559 -0.0016836 -5.68749e-05 0.000339793 0.00014567
6594.07 -0.471864 0.000322517 0.278342 0.702033 -0.00017054 -0.712145 -0.000436991 0.0250263 0 0 0 0 0.330529 0.0108271 -0.00239399 0.330529 0.0108271 -0.00239399 -4.82414e-05 0.000364509 0.000123243 -4.63525e-05 0.0003808 0.000127961 0.00525808 0.305615 -0.00165021 0.00525934 0.305561 -0.00168238 -4.92943e-05 0.000329511 0.00014845
6594.08 -0.47186 0.000325278 0.27829 0.701991 -0.000171938 -0.712186 -0.000440736 0.0250255 0 0 0 0 0.330529 0.0108301 -0.00239297 0.330529 0.0108301 -0.00239297 -4.06046e-05 0.000356194 0.000120874 -4.64902e-05 0.000368408 0.000124849 0.00525618 0.305641 -0.00165427 0.00525893 0.305564 -0.00168115 -4.4e-05 0.000338981 0.000146756
6594.09 -0.471857 0.00032804 0.278237 0.701948 -0.000173336 -0.712228 -0.000444483 0.0250247 0 0 0 0 0.330528 0.0108331 -0.00239196 0.330528 0.0108331 -0.00239196 -4.31782e-05 0.000339865 0.000121562 -4.34572e-05 0.000357058 0.000121523 0.00524545 0.305643 -0.001665 0.00525856 0.305567 -0.00167992 -4.74458e-05 0.000346143 0.000136154
6594.1 -0.471853 0.000330803 0.278185 0.701906 -0.000174735 -0.712269 -0.000448231 0.0250238 0 0 0 0 0.330528 0.0108359 -0.00239095 0.330528 0.0108359 -0.00239095 -3.95141e-05 0.000328497 0.000113555 -4.21015e-05 0.000343513 0.000120217 0.00524175 0.305619 -0.0016461 0.00525817 0.30557 -0.00167879 -5.29042e-05 0.000331463 0.00014076
6594.11 -0.471849 0.000333568 0.278132 0.701864 -0.000176133 -0.712311 -0.000451981 0.0250229 0 0 0 0 0.330528 0.0108387 -0.00239 0.330528 0.0108387 -0.00239 -3.95297e-05 0.000314725 0.000102507 -4.02034e-05 0.000330233 0.000116201 0.00522792 0.305623 -0.00168318 0.00525773 0.305573 -0.00167762 -6.78066e-05 0.000319955 0.000115351
6594.12 -0.471846 0.000336334 0.278079 0.701822 -0.000177531 -0.712352 -0.000455731 0.0250219 0 0 0 0 0.330527 0.0108413 -0.00238915 0.330527 0.0108413 -0.00238915 -3.92904e-05 0.000303104 9.04982e-05 -3.90931e-05 0.000316802 0.000107415 0.00524175 0.305622 -0.00165373 0.00525716 0.305575 -0.00167666 -6.94348e-05 0.000307789 0.000115597
6594.13 -0.471842 0.000339102 0.278027 0.70178 -0.00017893 -0.712394 -0.000459483 0.0250209 0 0 0 0 0.330527 0.0108438 -0.00238839 0.330527 0.0108438 -0.00238839 -3.55457e-05 0.000290565 7.83447e-05 -3.87539e-05 0.00030426 9.50361e-05 0.00526667 0.305607 -0.00165993 0.00525658 0.305578 -0.00167569 -5.12725e-05 0.000283877 0.000110316
6594.14 -0.471839 0.00034187 0.277974 0.701738 -0.000180328 -0.712435 -0.000463235 0.0250198 0 0 0 0 0.330527 0.0108462 -0.00238774 0.330527 0.0108462 -0.00238774 -2.99429e-05 0.000269634 6.93902e-05 -3.69354e-05 0.000292073 8.1343e-05 0.00525308 0.305607 -0.001661 0.00525616 0.30558 -0.00167477 -4.59306e-05 0.000261424 0.0001043
6594.15 -0.471835 0.00034464 0.277922 0.701696 -0.000181727 -0.712477 -0.000466989 0.0250186 0 0 0 0 0.330526 0.0108485 -0.00238716 0.330526 0.0108485 -0.00238716 -3.84261e-05 0.000254428 5.75903e-05 -3.25417e-05 0.000275442 6.9612e-05 0.00525367 0.30562 -0.00166351 0.00525577 0.305582 -0.0016739 -4.06408e-05 0.000250979 9.6602e-05
6594.16 -0.471832 0.000347412 0.277869 0.701653 -0.000183126 -0.712518 -0.000470744 0.0250173 0 0 0 0 0.330526 0.0108506 -0.00238668 0.330526 0.0108506 -0.00238668 -3.46957e-05 0.000249058 6.30985e-05 -3.3877e-05 0.000257785 5.86272e-05 0.00525546 0.305607 -0.00165284 0.00525543 0.305585 -0.0016731 -3.45151e-05 0.000230309 9.76237e-05
6594.17 -0.471828 0.000350184 0.277816 0.701611 -0.000184524 -0.71256 -0.0004745 0.0250166 0 0 0 0 0.330526 0.0108527 -0.00238616 0.330526 0.0108527 -0.00238616 -4.61105e-05 0.000231409 5.5083e-05 -3.48389e-05 0.000246166 5.6593e-05 0.00524306 0.305631 -0.00165921 0.00525515 0.305586 -0.00167229 -3.85947e-05 0.000229963 9.29783e-05
6594.18 -0.471824 0.000352958 0.277764 0.701569 -0.000185923 -0.712601 -0.000478257 0.0250158 0 0 0 0 0.330525 0.0108546 -0.0023857 0.330525 0.0108546 -0.0023857 -5.06718e-05 0.000213035 4.29386e-05 -4.11362e-05 0.000233791 5.49897e-05 0.0052551 0.305604 -0.00167537 0.00525483 0.305588 -0.00167151 -3.25835e-05 0.000207179 7.60523e-05
6594.19 -0.471821 0.000355733 0.277711 0.701527 -0.000187321 -0.712643 -0.000482015 0.0250148 0 0 0 0 0.330525 0.0108564 -0.00238534 0.330525 0.0108564 -0.00238534 -5.35842e-05 0.000203386 3.93363e-05 -4.865e-05 0.000217967 4.80277e-05 0.00525606 0.305617 -0.00167155 0.00525455 0.30559 -0.00167088 -2.6536e-05 0.000196822 6.41081e-05
6594.2 -0.471817 0.000358509 0.277658 0.701485 -0.00018872 -0.712684 -0.000485774 0.025014 0 0 0 0 0.330524 0.0108581 -0.00238501 0.330524 0.0108581 -0.00238501 -5.61737e-05 0.000182308 3.13169e-05 -5.42348e-05 0.000204007 4.06917e-05 0.00523162 0.305589 -0.0016613 0.00525433 0.305592 -0.00167034 -3.99642e-05 0.000165079 6.14089e-05
6594.21 -0.471813 0.000361286 0.277606 0.701443 -0.000190119 -0.712726 -0.000489534 0.0250129 0 0 0 0 0.330524 0.0108596 -0.00238475 0.330524 0.0108596 -0.00238475 -4.84184e-05 0.00016564 2.90092e-05 -5.74789e-05 0.000187057 3.2848e-05 0.00524914 0.305612 -0.00166267 0.005254 0.305593 -0.00166983 -3.76841e-05 0.000154485 5.76719e-05
6594.22 -0.47181 0.000364064 0.277553 0.7014 -0.000191517 -0.712767 -0.000493295 0.0250117 0 0 0 0 0.330524 0.010861 -0.00238451 0.330524 0.010861 -0.00238451 -5.82448e-05 0.000155562 2.96505e-05 -5.40188e-05 0.000169062 2.77064e-05 0.00524771 0.305626 -0.00164962 0.00525369 0.305594 -0.00166935 -3.66025e-05 0.000155691 6.41359e-05
6594.23 -0.471806 0.000366844 0.2775 0.701358 -0.000192916 -0.712809 -0.000497057 0.0250108 0 0 0 0 0.330523 0.0108623 -0.00238426 0.330523 0.0108623 -0.00238426 -5.62604e-05 0.000139193 2.9549e-05 -5.48563e-05 0.000154804 2.66762e-05 0.00524449 0.305612 -0.00165844 0.00525338 0.305596 -0.00166882 -3.79174e-05 0.00014464 6.24555e-05
6594.24 -0.471802 0.000369624 0.277448 0.701316 -0.000194314 -0.71285 -0.00050082 0.02501 0 0 0 0 0.330523 0.0108634 -0.00238401 0.330523 0.0108634 -0.00238401 -5.84189e-05 0.00013975 3.16047e-05 -5.59269e-05 0.000140928 2.77727e-05 0.00523937 0.305615 -0.00167304 0.00525306 0.305597 -0.0016683 -4.27225e-05 0.000136586 4.94323e-05
6594.25 -0.471799 0.000372406 0.277395 0.701274 -0.000195712 -0.712892 -0.000504584 0.0250097 0 0 0 0 0.330522 0.0108646 -0.00238375 0.330522 0.0108646 -0.00238375 -5.90573e-05 0.0001311 2.93565e-05 -5.76612e-05 0.000134777 3.02204e-05 0.00524473 0.305625 -0.00167125 0.00525271 0.305598 -0.00166788 -4.24199e-05 0.000136868 3.94208e-05
6594.26 -0.471795 0.000375189 0.277342 0.701231 -0.000197111 -0.712933 -0.000508348 0.0250095 0 0 0 0 0.330522 0.0108657 -0.00238351 0.330522 0.0108657 -0.00238351 -5.4744e-05 0.000113492 2.65731e-05 -5.90852e-05 0.000130395 3.07431e-05 0.005252 0.305615 -0.00169152 0.00525236 0.305599 -0.00166755 -3.63164e-05 0.000128098 1.51238e-05
6594.27 -0.471791 0.000377973 0.27729 0.701189 -0.000198509 -0.712975 -0.000512114 0.0250088 0 0 0 0 0.330521 0.0108666 -0.00238328 0.330521 0.0108666 -0.00238328 -4.43311e-05 0.000109548 3.00703e-05 -5.73754e-05 0.00011978 2.87637e-05 0.00524318 0.305616 -0.0016579 0.00525205 0.3056 -0.00166743 -3.76613e-05 0.000120833 2.01548e-05
6594.28 -0.471788 0.000380757 0.277237 0.701147 -0.000199907 -0.713017 -0.00051588 0.0250081 0 0 0 0 0.330521 0.0108676 -0.00238303 0.330521 0.0108676 -0.00238303 -3.57477e-05 0.000108792 3.07935e-05 -4.98498e-05 0.000110179 2.866e-05 0.0052352 0.305593 -0.00165498 0.00525174 0.305601 -0.00166726 -4.46873e-05 9.6224e-05 2.65404e-05
6594.29 -0.471784 0.000383543 0.277184 0.701105 -0.000201305 -0.713058 -0.000519647 0.0250076 0 0 0 0 0.330521 0.0108685 -0.00238278 0.330521 0.0108685 -0.00238278 -1.81716e-05 0.000103978 3.52786e-05 -3.94504e-05 0.000105623 2.9738e-05 0.00525522 0.305621 -0.00165653 0.00525137 0.305602 -0.00166704 -3.50172e-05 9.65191e-05 3.06089e-05
6594.3 -0.47178 0.00038633 0.277132 0.701063 -0.000202703 -0.7131 -0.000523415 0.0250072 0 0 0 0 0.33052 0.0108693 -0.00238248 0.33052 0.0108693 -0.00238248 -1.86577e-05 9.0083e-05 3.64881e-05 -2.41397e-05 0.000102943 3.30747e-05 0.00524497 0.305595 -0.00164944 0.00525107 0.305603 -0.00166678 -3.44365e-05 7.58628e-05 3.93088e-05
6594.31 -0.471777 0.000389118 0.277079 0.70102 -0.000204101 -0.713141 -0.000527184 0.0250067 0 0 0 0 0.33052 0.0108701 -0.00238218 0.33052 0.0108701 -0.00238218 -1.26451e-05 8.01119e-05 2.85542e-05 -1.51586e-05 9.51275e-05 3.6196e-05 0.00524652 0.305645 -0.00164998 0.00525079 0.305603 -0.00166646 -3.25348e-05 9.60981e-05 4.60392e-05
6594.32 -0.471773 0.000391907 0.277026 0.700978 -0.000205498 -0.713183 -0.000530954 0.0250059 0 0 0 0 0.33052 0.0108707 -0.00238194 0.33052 0.0108707 -0.00238194 -2.0982e-05 7.18925e-05 3.12723e-05 -1.02588e-05 8.41331e-05 3.34313e-05 0.00524735 0.305602 -0.00164783 0.00525052 0.305604 -0.00166607 -3.00711e-05 7.99131e-05 5.31095e-05
6594.33 -0.471769 0.000394697 0.276974 0.700936 -0.000206896 -0.713224 -0.000534724 0.0250053 0 0 0 0 0.33052 0.0108713 -0.00238168 0.33052 0.0108713 -0.00238168 4.01202e-07 -4.55756e-05 -6.10174e-06 -1.3931e-05 7.33271e-05 3.11962e-05 0.005252 0.305465 -0.0017131 0.00525027 0.305605 -0.00166563 -2.4221e-05 -3.93746e-05 8.73773e-06
